type: choices
keys:
  - axis
  - half
choices:
  x,upper: (-1, 16, 12, 17, 20, 16),(-1, 13, 2.5, 17, 18, 13.5),(-1, 16, 0, 17, 20, 4)
  x,lower: (-1, 8, 12, 17, 12, 16),(-1, 5, 2.5, 17, 10, 13.5),(-1, 8, 0, 17, 12, 4)
  z,upper: (0, 16, -1, 4, 20, 17),(2.5, 13, -1, 13.5, 18, 17),(12, 16, -1, 16, 20, 17)
  z,lower: (0, 8, -1, 4, 12, 17),(2.5, 5, -1, 13.5, 10, 17),(12, 8, -1, 16, 12, 17)